0.28488688266500967
-0.6103124335943781
-0.4037253553042529
-0.402506486182694
-0.2500644604610059
1.6000618133916413
0.13008464392043573
-0.3253439370649056
-1.239349612675411
1.1726189261386235
0.2276856582568863
-1.0106393446673978
-0.4015827444217766
1.9203948397076773
1.1040262259235831
1.0155358684241114
-0.20142412974121815
0.16913292781020772
-0.8215511657876174
1.8486888327726727
-0.2562997553848829
-1.1473308399132152
-0.1726580281566522
-0.6955125583185271
0.2555363695304053
0.040682502221017526
1.0742900317017559
0.35308355841067773
0.010034802064128405
-2.884398791129514
-0.3433097461194081
-0.23024973009093813
0.421015076837429
-0.4931238704270844
2.6773295394252985
-0.6891865503751341
1.5377011435153387
-3.0297997491719326
-2.281596611975691
0.5114644814616814
-0.6651813692701759
0.5346413012794525
-0.6470177949574416
1.7557881469348817
-0.1324294492870964
2.2572732773704978
1.4081817527824045
2.395418005423986
-0.9638948597741348
-1.3619518042160483
0.5715477978726373
-0.4871087328426538
-1.5916812040246844
0.34530457409969095
1.906963880235956
0.8472309377859667
-0.480696053072068
-1.2425710265153047
0.21023689030319448
-1.9108691041635677
-1.4526543479682608
-0.028094906742096182
-1.2056146932258958
-0.23308937519057088
-1.1545626512094083
0.7657169282767302
0.13238358853492657
0.07857762078393721
-0.22181526177112285
0.6166180459689015
-0.7195575177578509
0.42777784697762317
-0.9870227203455741
-0.20630473499851085
0.5575900781433613
-1.2381302364936193
-0.4090148714755612
0.8542263054479287
0.08591930552501142
-1.783603059917372
-1.7073613091223812
-2.0247390796022784
-0.6053296898439716
-1.3961468612884878
-0.20988333241225854
0.8266733426961034
-0.5406955745032923
-0.7508255846544072
-0.37078339281509987
-1.488129018757074
1.1351052696549266
-1.6941712908583262
0.5150118452724263
1.9229324424291347
-1.1228485687526721
0.7024037868120931
-1.4781503929809463
-1.4916698287527022
1.2044633115870722
0.5858789176577628
