0.15951608104939918
0.9361237110377335
-0.45947310987178314
0.6602023240152438
1.6044633801369697
0.6986952137810515
-0.14699729144153706
-0.20924653710084795
0.22124385254461232
0.5029069300401438
-1.7033091101602928
0.8729848610346965
1.33253406106139
1.3584418399583091
-0.23666839004230356
1.1222276095057926
0.661986983725062
0.712816767600681
-0.36328168573442166
-0.6879838125138169
-0.7967526528681781
1.9260494961915176
1.1624111404493522
-0.5950751524502138
0.4951258845600466
-0.5118581899518284
1.7203617790587615
0.2335051743335252
1.8636571773986246
0.41263170317457876
-0.7073893088070018
0.7478339216534335
-0.7033299435107516
-1.572751441749471
-1.1294058946964172
0.26868304426978173
-0.10284506138270333
-0.7544109120619009
-0.2381647037286665
0.017523195287722393
0.990393250418182
1.3942966007133337
-1.02793773403287
-1.3687297828278548
1.2060271282022008
0.4373975663119301
0.1844605235656811
2.2120369005217286
-0.06130353797664867
1.0317481679294795
-0.10651063428418539
1.0073136029381842
2.2327241069278134
0.4936734827563477
1.9514995671888942
1.8741317789400023
0.3643437353364253
0.07992506225535762
1.4244890836459727
-0.5109684595279738
-0.59994652512309
1.109959706329649
1.2753934570229308
-1.1777991262227556
-0.40432405488756296
-1.0539383911377203
0.8845025092808678
1.862227028115249
0.07107816159990488
-0.5487333242700065
0.44493533211661057
1.3893639827714628
-0.5762237226318387
-1.4350976333725223
0.3703635141863182
2.59435400234478
1.2194122086469552
1.1633098138161926
0.5526226216182695
1.732332923877595
0.5358513508381372
0.3997755326971666
-0.5137657806893663
0.305511840783119
-0.3785884654076782
-2.357822937878632
0.8530253941754985
0.9512647048963963
0.3254459635372688
-0.22582366042062463
0.8696659054300304
0.5243854819212741
-0.6754561859565775
-1.5282861812236002
-2.0653362238131945
-0.4115670905845541
1.2587051929247262
0.8796150191268131
0.7340720564399796
-0.45931887503768754
