1.106102849907228
-0.057494472240976036
1.514871965764842
1.023889711469728
0.21104155926477275
2.1677037531935257
1.8155667428981448
1.7562329559672096
0.9447531889395678
0.25747463727551534
2.576805189750382
1.968219198485428
1.2502522762110946
0.5932557368510614
-1.097016025735095
2.1839633749446965
1.3613109267405041
1.4673705488815556
1.5988499587863947
2.2619017227335405
0.5068678377415853
1.376930751661284
1.3975332775674416
0.23687083994416402
0.32235371036265603
0.7984424472437017
0.573176788069762
2.1754453801938074
0.6525102966998607
1.0898671775104394
0.21793947366872002
2.2958452526604383
0.4709955308303978
0.6306991404248385
1.1867675275056335
1.9568749830245098
0.5090766908924489
1.7440870196994915
0.34491437517203716
1.7999846815148597
2.3411603866304223
1.744754087563762
0.4260367700622788
1.257531380365715
0.9394751895137373
1.037858323091679
-0.046342123129736734
0.13215228642232102
-0.36288221330834847
-0.11763457429815949
0.07002655495442767
0.8018035172113843
2.0933347143110934
-0.3555180717840869
1.4432851090446854
-0.5098108648964359
2.3264741215414677
0.47473140319357576
1.2684675061282773
-0.19097985912595306
1.5638863864328338
1.2408828760138817
0.8765854191169473
-0.9042456878928569
0.9627824563742946
0.17363511696876666
1.7942374863884
0.7126172107786608
0.9170135826626095
2.1928843861893603
-0.3592886089695895
1.3689747446444676
2.4714968912708137
3.805966473969462
2.2200348318284373
0.879653779139263
1.1038339921716795
1.317005944595452
0.48631979684514914
2.7783271409524932
-0.29025756291513605
1.370331468939335
2.1441702390261552
-0.9273682447256026
1.8874496701596668
0.2725562403432924
1.5697640279236489
2.783414755499288
1.7091019167882544
1.374438513162995
2.030280655026054
-0.45375438340054397
1.2791333078342042
1.532772961046998
0.17636824794697337
1.283830521201045
1.4185216825533602
-0.5609472048598378
-0.6985263381410987
-1.730139852541789
