-1.3963907299446032
-1.70576041087181
-1.3354169969705303
1.5141261086106832
-0.9841079082299492
-0.5840876087575162
-1.3653964898334112
0.15725368476264112
0.8691405735698512
-1.0555404170916636
-1.1881298446197859
-1.0577698799232054
0.5383732133696948
-1.1226034834405192
-0.44328110700557866
-1.4934285869103023
-1.0481154041930378
-0.5873679264395892
-0.7307545329949062
-0.3803336658347879
-1.4377702884592765
-2.307832942239777
-1.5521526057441277
-0.2183096558578439
-1.3699808360906678
-0.5212205823529394
-0.19596211263869878
0.7755756173085051
0.06681536410048206
-1.3808120285965169
-0.09768470563700027
-2.912045817395057
-1.782387797401387
-1.1585378663489583
-0.8582801566698254
-2.267471732448212
-1.0428532902057515
-1.0480134674996548
-0.3980735625360021
-0.5229140769678251
0.1309115170144619
-0.27500403359214864
-0.3277132575730479
-0.898877492743905
-2.408748337288843
-2.696159344826616
-1.5108350120153697
-0.4809197843150369
0.5887648217129091
-1.7293225849064673
-0.9522007025084404
-1.2726488155664333
-1.283818716494998
-0.0025030645756554115
-0.816605625059841
-0.9012280925434631
0.2650820152025313
-0.575115969106506
-2.3475843746061447
-1.4433363490917464
-0.8782514170547353
-0.5453396707206941
0.45092161598921376
-0.8117555336948954
-0.2080867194556033
-0.8040427197385824
-2.084031616310445
-0.21276403871544758
-1.5200710747732367
-0.9037800946654067
-1.3252953773775018
0.07003937728336163
-3.149041133937999
0.009171361903022257
-0.25288225371624773
-0.9167998805518116
-1.18068065410215
-2.686848078252985
-2.829461410942722
0.17091395055011183
-1.3761726459311638
-0.42997309729846367
-0.2856285117685621
-1.5628444088421376
-1.8111554472344102
-1.7638919887527522
-1.769680067606691
-0.9141651241314024
0.29464864119663425
-0.2895875115978559
-1.240628675509866
-1.4260540474749268
-1.171623226976717
0.4192154921452065
-0.8486056688932304
-2.0691125997570747
1.125926113338723
-0.15570179460442513
-0.29244201465664943
-1.6406356770798411
