0.7941029728337408
-0.8989850686176615
-0.5640218781474461
1.6667931096474584
-2.2309123399774755
-1.1369996908308788
0.9322534256739883
-0.40409317566071845
0.5124404384685686
-1.3275917270618725
0.9401765335198535
-0.7560848074009594
0.07817067262146393
-1.4442391988565448
-0.3375185619278269
0.1511946774470163
0.45139214865177346
-0.30994745568925586
0.5010842005520604
-0.7970207435960605
-0.24528199920930838
-2.626555539979343
-1.1631900058799343
-1.4951518185383288
-1.154584956948924
-0.8911298956951216
-0.42375304457668833
-1.147046189519912
-0.8434696966027757
0.9813343513720139
0.1474824583208365
-0.822873659755998
-0.12551921295604268
-1.129719491637826
-0.05364427110850478
-0.2994082982758667
-0.7375406675279876
-1.6068103365409332
-0.8419752933128656
-0.4118694935068158
-0.8158997586084009
-0.27525838397817326
0.8682772688771632
-0.5151197266273249
-2.0427102945119193
-0.6975673875768422
0.647857594297738
-2.253552980852244
-0.34174735161977265
0.19264319375313055
-1.1847778968715867
-0.7129701166919209
-1.855722728994147
-0.31341272877094273
-1.6215318937218306
0.15573932655622036
0.02847428017658682
-0.38613400390753316
-0.11291629069903447
-1.5377087945144532
-0.5187354240181344
0.8472264517689319
0.3927947886725146
1.192433480081837
-1.7462202415855306
-0.5141021582437096
-2.7803375603753215
-0.3725601146700015
-1.0062592059534803
-0.17561140729542907
-1.4200168864930758
-1.793268671769561
-0.5870952400873919
-1.9766819046606945
0.06417463367494369
-2.0561938600365433
0.46716755164225054
-0.6988901490628205
-0.531021932672749
-0.08475151612477694
-0.4854166201418151
-1.0659795283298892
0.2760999210927835
-1.4054459188681077
-0.09069848193334978
-2.458920766209272
-1.0676805415268102
1.0234958061931572
-2.156596286133177
-0.8104943485957836
0.10161355167168884
-0.3513140581847036
0.06623920171015785
-0.5792732865595858
2.089431699174479
-2.274006631659972
-1.96697870427855
0.29920758039078466
-0.22432399269229986
-1.827633777179494
